[back2.jpg]
text=2;161;19;SRG ONLINE BOOKINGS;HelveticaNeue LT 35 Thin;0.275160,0.006685,0.072222,0.000000;v1,4282242462,4294967295,128.000000,1.000000,0.672897,1.000000,400,258,49152;;160;18;you wish , we plan;HelveticaNeue LT 35 Thin;0.562000,0.773375,0.072222,0.000000;v1,4282242462,4294967295,128.000000,1.000000,0.672897,1.000000,400,258,49152;;
backuphash=43378
textactive=1
